while (infile >> Id >> latitude_orig >> longitude_orig >> x_coord_orig >> y_coord_orig >> Identif_orig >> latitude_dest >> longitude_dest >> x_coord_dest >> y_coord_dest >> Identif_dest >> EDT >> LAT >> orig_loc >> dest_loc ){

0    48.8627    2.76392    -1    91    11331    49.0385    2.00389    70    -76    22169    565    718    3    3
1    48.8602    2.34978    -2    0    11085    48.8924    2.23145    11    -26    13074    520    554    1    2
2    48.885    2.2542    8    -21    12614    48.8652    2.32247    0    -6    11389    652    678    2    1
3    48.88    2.35433    6    1    12326    48.8454    2.47265    -8    27    10182    640    674    1    2
4    48.8825    2.27241    7    -17    12463    48.88    2.36798    6    4    12329    566    595    2    1
5    48.8701    2.19959    2    -33    11672    48.8033    2.43625    -25    19    7539    653    711    2    2
6    48.8528    2.36798    -5    4    10624    48.8602    2.34978    -2    0    11085    502    702    1    1
7    48.8726    2.27241    3    -17    11843    48.8355    2.40439    -12    12    9547    502    674    1    1
8    48.88    2.34067    6    -2    12323    48.8454    2.34067    -8    -2    10153    502    550    1    1
9    48.9692    2.51816    42    37    17942    48.8553    2.76847    -4    92    10867    537    617    3    3
10    48.8379    2.50451    -11    34    9724    48.9345    2.49086    28    31    15766    549    591    2    2
11    48.8379    2.34067    -11    -2    9688    48.8627    2.31337    -1    -8    11232    502    623    1    1
12    48.8107    2.33612    -22    -3    7982    48.8355    2.27241    -12    -17    9518    644    675    2    2
13    48.8602    2.34978    -2    0    11085    48.8479    2.38163    -7    7    10317    502    638    1    1
14    48.776    2.459    -36    24    5839    48.8429    2.49996    -9    33    10033    596    632    2    2
15    48.8825    2.2542    7    -21    12459    48.7216    2.26786    -58    -18    2387    653    714    2    3
16    48.8107    2.4408    -22    20    8005    48.8899    2.236    10    -25    12920    514    569    2    2
17    48.8726    2.20414    3    -32    11828    48.776    2.45445    -36    23    5838    647    709    2    2
18    48.781    2.459    -34    24    6149    48.8949    2.2451    12    -23    13232    507    567    2    2
19    48.8726    2.19504    3    -34    11826    48.8701    2.19959    2    -33    11672    629    650    2    2
20    48.8924    2.236    11    -25    13075    48.8454    2.45445    -8    23    10178    511    565    2    2
21    48.8677    2.36343    1    3    11553    48.8479    2.39529    -7    10    10320    502    645    1    1
22    48.8528    2.36798    -5    4    10624    48.88    2.37253    6    5    12330    502    581    1    1
23    48.8825    2.32247    7    -6    12474    48.8751    2.29516    4    -12    12003    502    564    1    1
24    48.8379    2.31792    -11    -7    9683    48.8701    2.34978    2    0    11705    502    682    1    1
25    48.8776    2.29061    5    -13    12157    48.724    2.2633    -57    -19    2541    619    683    1    3
26    48.885    2.32702    8    -5    12630    48.8602    2.31337    -2    -8    11077    502    653    1    1
27    48.9271    2.49086    25    31    15301    48.7835    2.459    -33    24    6304    656    708    2    2
28    48.724    2.2633    -57    -19    2541    48.8107    2.42714    -22    17    8002    663    719    3    2
29    48.781    2.46355    -34    25    6150    48.8454    2.44535    -8    21    10176    665    700    2    2
30    48.8726    2.29971    3    -11    11849    48.88    2.33612    6    -3    12322    502    607    1    1
31    48.9989    2.58188    54    51    19816    48.7191    2.2451    -59    -23    2227    485    599    3    3
32    48.8404    2.51361    -10    36    9881    48.8726    2.27696    3    -16    11844    626    676    2    1
33    49.0039    2.56823    56    48    20123    48.776    2.4681    -36    26    5841    631    709    3    2
34    48.88    2.27696    6    -16    12309    48.8825    2.26786    7    -18    12462    651    672    2    2
35    48.7067    2.05851    -64    -64    1411    48.8825    2.32702    7    -5    12475    607    692    3    1
36    49.0039    2.57278    56    49    20124    48.8899    2.236    10    -25    12920    626    706    3    2
37    48.8751    2.29516    4    -12    12003    48.88    2.41804    6    15    12340    502    634    1    1
38    48.8677    2.77758    1    94    11644    48.8479    2.65925    -7    68    10378    621    674    3    3
39    48.8677    2.30882    1    -9    11541    48.8479    2.38618    -7    8    10318    502    631    1    1
40    48.8379    2.32247    -11    -6    9684    48.8454    2.48631    -8    30    10185    637    676    1    2
41    49.0187    2.58188    62    51    21056    48.8379    2.31792    -11    -7    9683    475    561    3    1
42    48.88    2.41804    6    15    12340    48.8751    2.35888    4    2    12017    502    710    1    1
43    48.8899    2.24055    10    -24    12921    48.8082    2.43169    -23    18    7848    585    638    2    2
44    48.7265    2.28151    -56    -15    2700    48.8479    2.65015    -7    66    10376    562    657    3    3
45    48.8454    2.40894    -8    13    10168    48.8479    2.38618    -7    8    10318    502    714    1    1
46    48.8701    2.34978    2    0    11705    48.8429    2.4408    -9    20    10020    539    569    1    2
47    49.0484    2.013    74    -74    22791    48.7389    2.2633    -51    -19    3471    458    571    3    3
48    48.8726    2.37708    3    6    11866    48.8429    2.459    -9    24    10024    594    623    1    2
49    48.8454    2.34067    -8    -2    10153    48.8355    2.33157    -12    -4    9531    502    701    1    1
50    48.8701    2.19959    2    -33    11672    48.8677    2.20869    1    -31    11519    661    682    2    2
51    48.8553    2.49541    -4    32    10807    48.8479    2.45445    -7    23    10333    612    638    2    2
52    48.8355    2.33157    -12    -4    9531    48.8701    2.34978    2    0    11705    502    695    1    1
53    48.8726    2.27696    3    -16    11844    48.8355    2.33157    -12    -4    9531    502    718    1    1
54    48.8429    2.46355    -9    25    10025    48.8429    2.46355    -9    25    10025    524    544    2    2
55    48.8058    2.33157    -24    -4    7671    48.8776    2.35888    5    2    12172    551    582    2    1
56    48.88    2.79578    6    98    12423    48.9667    2.49996    41    33    17783    631    713    3    3
57    48.8602    2.35433    -2    1    11086    48.8924    2.236    11    -25    13075    578    612    1    2
58    49.0063    2.58643    57    52    20282    48.8776    2.28606    5    -14    12156    472    554    3    1
59    48.8825    2.24965    7    -22    12458    48.8454    2.43625    -8    19    10174    565    614    2    2
60    48.8726    2.38163    3    7    11867    48.8701    2.78668    2    96    11801    550    639    1    3
61    48.8454    2.4681    -8    26    10181    48.8974    2.34522    13    -1    13409    523    559    2    1
62    48.8107    2.43625    -22    19    8004    48.8875    2.27241    9    -17    12773    522    571    2    2
63    48.8503    2.34067    -6    -2    10463    48.8726    2.29516    3    -12    11848    502    615    1    1
64    48.8503    2.41349    -6    14    10479    48.8107    2.43625    -22    19    8004    525    549    1    2
65    48.8479    2.40894    -7    13    10323    48.8503    2.44535    -6    21    10486    544    564    1    2
66    48.6918    2.06761    -70    -62    483    48.8082    2.32247    -23    -6    7824    616    686    3    2
67    48.8379    2.43625    -11    19    9709    48.8677    2.36798    1    4    11554    546    573    2    1
68    48.8701    2.35888    2    2    11707    48.8479    2.39984    -7    11    10321    502    619    1    1
69    48.8726    2.28606    3    -14    11846    48.8875    2.236    9    -25    12765    617    640    1    2
70    48.8825    2.33612    7    -3    12477    49.0583    2.01755    78    -73    23412    536    627    1    3
71    48.8553    2.36798    -4    4    10779    48.8503    2.48631    -6    30    10495    551    583    1    2
72    48.9296    2.49541    26    32    15457    48.8726    2.34978    3    0    11860    512    552    2    1
73    48.833    2.50906    -13    35    9415    48.8082    2.43625    -23    19    7849    635    667    2    2
74    48.8355    2.40894    -12    13    9548    48.88    2.31792    6    -7    12318    502    574    1    1
75    48.7364    2.2451    -52    -23    3312    49.0484    2.013    74    -74    22791    502    614    3    3
76    48.8454    2.38618    -8    8    10163    48.8503    2.33612    -6    -3    10462    502    542    1    1
77    48.8701    2.34978    2    0    11705    48.776    2.46355    -36    25    5840    656    698    1    2
78    48.9345    2.0403    28    -68    15667    49.0162    2.57278    61    49    20899    463    578    3    3
79    48.88    2.41804    6    15    12340    48.781    2.46355    -34    25    6150    675    713    1    2
80    48.8677    2.20869    1    -31    11519    48.932    2.0312    27    -70    15510    647    702    2    3
81    48.8875    2.23145    9    -26    12764    48.8602    2.35433    -2    1    11086    658    692    2    1
82    48.8899    2.23145    10    -26    12919    48.8429    2.51361    -9    36    10036    526    589    2    2
83    48.8082    2.44535    -23    21    7851    48.8825    2.27696    7    -16    12464    536    586    2    2
84    48.8924    2.236    11    -25    13075    48.8355    2.33157    -12    -4    9531    583    617    2    1
85    48.8701    2.30882    2    -9    11696    48.8627    2.34067    -1    -2    11238    502    618    1    1
86    48.8652    2.31792    0    -7    11388    48.8528    2.37253    -5    5    10625    502    686    1    1
87    48.8503    2.6638    -6    69    10534    49.0484    2.01755    74    -73    22792    526    665    3    3
88    48.8701    2.20414    2    -32    11673    48.8875    2.25875    9    -20    12770    642    671    2    2
89    48.8429    2.44535    -9    21    10021    48.7859    2.459    -32    24    6459    660    693    2    2
90    48.8726    2.30882    3    -9    11851    49.0039    2.59098    56    53    20128    461    542    1    3
91    48.8355    2.40894    -12    13    9548    48.8677    2.79123    1    97    11647    602    688    1    3
92    49.0385    2.00389    70    -76    22169    48.8479    2.50906    -7    35    10345    552    662    3    2
93    48.8479    2.65015    -7    66    10376    48.88    2.33612    6    -3    12322    581    658    3    1
94    48.7859    2.46355    -32    25    6460    48.833    2.33157    -13    -4    9376    510    547    2    1
95    48.8429    2.459    -9    24    10024    48.88    2.32247    6    -6    12319    587    624    2    1
96    48.8627    2.31337    -1    -8    11232    48.8701    2.35433    2    1    11706    502    650    1    1
97    48.8528    2.37253    -5    5    10625    48.8627    2.33612    -1    -3    11237    502    665    1    1
98    48.8701    2.33157    2    -4    11701    48.8454    2.34522    -8    -1    10154    502    565    1    1
99    48.8726    2.78213    3    95    11955    48.7364    2.2633    -52    -19    3316    476    593    3    3
100    49.0509    1.99479    75    -78    22942    48.885    2.2633    8    -19    12616    616    695    3    2
101    48.7785    2.459    -35    24    5994    48.8652    2.31792    0    -7    11388    631    674    2    1
102    48.8082    2.43625    -23    19    7849    48.8404    2.27241    -10    -17    9828    526    571    2    2
103    48.8701    2.19049    2    -35    11670    48.8404    2.50906    -10    35    9880    608    675    2    2
104    48.885    2.27696    8    -16    12619    48.7042    2.07216    -65    -61    1259    599    674    2    3
105    48.9345    2.49541    28    32    15767    48.8479    2.39529    -7    10    10320    508    547    2    1
106    48.8132    2.43169    -21    18    8158    48.9865    2.50451    49    34    19024    551    616    2    3
107    48.781    2.4499    -34    22    6147    48.8776    2.33612    5    -3    12167    533    575    2    1
108    48.8602    2.33612    -2    -3    11082    48.8627    2.31337    -1    -8    11232    502    643    1    1
109    48.885    2.77758    8    94    12729    48.8528    2.33612    -5    -3    10617    453    548    3    1
110    49.0534    2.013    76    -74    23101    48.8578    2.77758    -3    94    11024    550    705    3    3
111    48.9841    2.50906    48    35    18870    48.6894    2.07671    -71    -60    330    568    694    3    3
112    48.8404    2.31337    -10    -8    9837    48.833    2.27696    -13    -16    9364    642    663    1    2
113    48.8677    2.19959    1    -33    11517    49.0484    2.00389    74    -76    22789    504    578    2    3
114    48.828    2.65015    -15    66    9136    48.8776    2.28606    5    -14    12156    557    641    3    1
115    48.8355    2.40439    -12    12    9547    48.8701    2.19959    2    -33    11672    502    548    1    2
116    48.8379    2.66835    -11    70    9760    48.833    2.33157    -13    -4    9376    523    602    3    1
117    48.8924    2.236    11    -25    13075    48.9717    2.49996    43    33    18093    571    638    2    3
118    48.8825    2.32702    7    -5    12475    48.8701    2.37708    2    6    11711    502    673    1    1
119    48.9692    2.51361    42    36    17941    49.0583    2.013    78    -74    23411    597    708    3    3
120    48.8479    2.40894    -7    13    10323    48.8454    2.34067    -8    -2    10153    502    558    1    1
121    48.8355    2.28151    -12    -15    9520    48.88    2.33612    6    -3    12322    566    594    2    1
122    48.8602    2.34522    -2    -1    11084    48.8553    2.34067    -4    -2    10773    502    620    1    1
123    48.9271    2.49086    25    31    15301    48.8677    2.19959    1    -33    11517    569    634    2    2
124    48.8578    2.35433    -3    1    10931    48.8726    2.38163    3    7    11867    502    557    1    1
125    48.8058    2.32702    -24    -5    7670    48.8677    2.36343    1    3    11553    662    692    2    1
126    48.8949    2.23145    12    -26    13229    48.8899    2.26786    10    -18    12927    544    569    2    2
127    48.8429    2.64559    -9    65    10065    48.8107    2.42714    -22    17    8002    494    552    3    2
128    48.8082    2.33612    -23    -3    7827    48.8454    2.49996    -8    33    10188    658    703    2    2
129    48.9345    2.49996    28    33    15768    48.8404    2.50451    -10    34    9879    660    701    2    2
130    48.8379    2.28151    -11    -15    9675    49.0484    2.01755    74    -73    22792    580    666    2    3
131    49.0014    2.59553    55    54    19974    48.7191    2.27241    -59    -17    2233    430    544    3    3
132    48.7141    2.26786    -61    -18    1922    48.8677    2.30882    1    -9    11541    563    628    3    1
133    48.9395    2.49086    30    31    16076    48.8503    2.39529    -6    10    10475    665    704    2    1
134    48.8701    2.36343    2    3    11708    48.8701    2.34978    2    0    11705    502    616    1    1
135    49.0039    2.56823    56    48    20123    48.8404    2.34067    -10    -2    9843    533    612    3    1
136    48.8404    2.50906    -10    35    9880    48.8082    2.33157    -23    -4    7826    651    698    2    2
137    48.8652    2.31792    0    -7    11388    48.8825    2.33612    7    -3    12477    502    628    1    1
138    48.8701    2.28606    2    -14    11691    48.8553    2.49086    -4    31    10806    636    681    1    2
139    48.8627    2.34522    -1    -1    11239    48.8553    2.36798    -4    4    10779    502    565    1    1
140    48.8082    2.33612    -23    -3    7827    48.8404    2.50451    -10    34    9879    530    576    2    2
141    48.8404    2.4681    -10    26    9871    48.8355    2.33612    -12    -3    9532    541    575    2    1
142    48.8701    2.35433    2    1    11706    48.8429    2.4408    -9    20    10020    665    694    1    2
143    48.8652    2.19959    0    -33    11362    48.8082    2.43625    -23    19    7849    632    689    2    2
144    48.8479    2.39529    -7    10    10320    48.8652    2.31792    0    -7    11388    502    650    1    1
145    48.88    2.41804    6    15    12340    48.781    2.459    -34    24    6149    652    690    1    2
146    48.8454    2.4499    -8    22    10177    48.8677    2.20869    1    -31    11519    602    658    2    2
147    48.8454    2.34067    -8    -2    10153    48.8701    2.35433    2    1    11706    502    566    1    1
148    48.8553    2.34522    -4    -1    10774    48.8454    2.34067    -8    -2    10153    502    662    1    1
149    48.8404    2.27241    -10    -17    9828    48.8899    2.24055    10    -24    12921    582    614    2    2
150    48.9766    2.50906    45    35    18405    49.0063    2.56823    57    48    20278    498    544    3    3
151    48.8479    2.41349    -7    14    10324    48.8454    2.37253    -8    5    10160    502    566    1    1
152    48.833    2.27241    -13    -17    9363    48.8825    2.26786    7    -18    12462    565    596    2    2
153    48.724    2.25875    -57    -20    2540    48.7092    2.09036    -63    -57    1573    632    692    3    3
154    48.885    2.25875    8    -20    12615    48.88    2.41804    6    15    12340    614    652    2    1
155    48.8726    2.33157    3    -4    11856    48.8479    2.39529    -7    10    10320    502    552    1    1
156    48.8429    2.4681    -9    26    10026    48.8379    2.50906    -11    35    9725    556    582    2    2
157    48.932    2.0494    27    -66    15514    48.885    2.27241    8    -17    12618    540    599    3    2
158    48.88    2.35888    6    2    12327    48.8825    2.32702    7    -5    12475    502    686    1    1
159    48.8355    2.33157    -12    -4    9531    48.8181    2.32247    -19    -6    8444    502    615    1    1
160    48.9296    2.49541    26    32    15457    48.8528    2.49086    -5    31    10651    542    579    2    2
161    48.8355    2.40439    -12    12    9547    48.8479    2.38618    -7    8    10318    502    585    1    1
162    48.8875    2.2633    9    -19    12771    48.88    2.35433    6    1    12326    625    653    2    1
163    48.8701    2.34522    2    -1    11704    48.8578    2.34978    -3    0    10930    502    704    1    1
164    48.9271    2.49086    25    31    15301    48.9296    2.49996    26    33    15458    553    574    2    2
165    49.0138    2.55002    60    44    20739    49.0484    2.013    74    -74    22791    508    622    3    3
166    48.8701    2.30882    2    -9    11696    48.8776    2.37253    5    5    12175    502    576    1    1
167    48.8875    2.27241    9    -17    12773    48.8776    2.29061    5    -13    12157    663    681    2    1
168    48.8355    2.40439    -12    12    9547    48.8652    2.31792    0    -7    11388    502    574    1    1
169    48.8305    2.27696    -14    -16    9209    48.8404    2.49996    -10    33    9878    527    580    2    2
170    48.8305    2.6729    -14    71    9296    48.776    2.459    -36    24    5839    578    637    3    2
171    48.8379    2.51361    -11    36    9726    48.781    2.459    -34    24    6149    557    592    2    2
172    48.9989    2.57733    54    50    19815    48.9741    2.51361    44    36    18251    636    682    3    3
173    49.0385    2.00389    70    -76    22169    48.885    2.32702    8    -5    12630    531    619    3    1
174    48.88    2.41804    6    15    12340    48.8528    2.34522    -5    -1    10619    502    663    1    1
175    48.8677    2.36798    1    4    11554    48.8528    2.36798    -5    4    10624    502    663    1    1
176    48.8404    2.50451    -10    34    9879    48.8528    2.48631    -5    30    10650    542    566    2    2
177    48.8528    2.34067    -5    -2    10618    48.8677    2.32247    1    -6    11544    502    625    1    1
178    48.989    2.56368    50    47    19192    49.0361    2.013    69    -74    22016    484    600    3    3
179    48.8726    2.37708    3    6    11866    48.8701    2.27241    2    -17    11688    502    596    1    1
180    48.8379    2.27696    -11    -16    9674    48.8479    2.459    -7    24    10334    665    712    2    2
181    48.776    2.4681    -36    26    5841    48.8974    2.236    13    -25    13385    504    567    2    2
182    48.8479    2.34067    -7    -2    10308    48.8726    2.27696    3    -16    11844    502    710    1    1
183    48.8454    2.38163    -8    7    10162    48.8454    2.33612    -8    -3    10152    502    606    1    1
184    48.8776    2.78213    5    95    12265    48.8479    2.67745    -7    72    10382    523    575    3    3
185    48.8627    2.33612    -1    -3    11237    48.8454    2.48631    -8    30    10185    674    711    1    2
186    48.8429    2.6547    -9    67    10067    48.8404    2.6547    -10    67    9912    593    629    3    3
187    48.88    2.41804    6    15    12340    48.8701    2.35433    2    1    11706    502    653    1    1
188    48.8899    2.24055    10    -24    12921    48.8082    2.33157    -23    -4    7826    664    707    2    2
189    48.8058    2.33612    -24    -3    7672    48.9741    2.50451    44    34    18249    618    688    2    3
190    49.0039    2.58188    56    51    20126    48.7785    2.459    -35    24    5994    510    588    3    2
191    48.8652    2.31337    0    -8    11387    48.8924    2.2633    11    -19    13081    617    642    1    2
192    48.8355    2.33612    -12    -3    9532    48.8751    2.27241    4    -17    11998    502    585    1    1
193    48.88    2.35433    6    1    12326    48.8058    2.43625    -24    19    7694    644    679    1    2
194    48.8181    2.31792    -19    -7    8443    48.8726    2.19959    3    -33    11827    646    682    1    2
195    48.8677    2.31337    1    -8    11542    48.8949    2.236    12    -25    13230    577    605    1    2
196    48.8528    2.48176    -5    29    10649    48.8058    2.33157    -24    -4    7671    613    657    2    2
197    48.8404    2.50451    -10    34    9879    48.8875    2.2542    9    -21    12769    564    622    2    2
198    48.8355    2.27696    -12    -16    9519    48.8503    2.48176    -6    29    10494    612    662    2    2
199    48.9766    2.50906    45    35    18405    49.0063    2.55912    57    46    20276    605    650    3    3
200    48.8825    2.31792    7    -7    12473    48.8355    2.27696    -12    -16    9519    543    570    1    2
201    48.88    2.25875    6    -20    12305    48.8701    2.19959    2    -33    11672    584    613    2    2
202    48.8677    2.36343    1    3    11553    48.932    2.48176    27    29    15609    579    616    1    2
203    48.8528    2.34067    -5    -2    10618    48.8701    2.28606    2    -14    11691    502    677    1    1
204    48.8429    2.34067    -9    -2    9998    48.8479    2.41349    -7    14    10324    502    578    1    1
205    48.9717    2.52272    43    38    18098    48.932    2.50451    27    34    15614    535    569    3    2
206    48.7067    2.07671    -64    -60    1415    49.0385    2.0221    70    -72    22173    595    704    3    3
207    48.8949    2.23145    12    -26    13229    48.7216    2.2633    -58    -19    2386    614    678    2    3
208    48.8479    2.39529    -7    10    10320    48.932    2.48631    27    30    15610    514    552    1    2
209    48.8479    2.37253    -7    5    10315    48.8999    2.34978    14    0    13565    502    624    1    1
210    48.8999    2.35433    14    1    13566    48.8677    2.36343    1    3    11553    502    696    1    1
211    49.0063    2.56368    57    47    20277    48.8974    2.34522    13    -1    13409    552    622    3    1
212    48.8454    2.37253    -8    5    10160    48.8528    2.36798    -5    4    10624    502    668    1    1
213    48.8503    2.38618    -6    8    10473    48.8479    2.40894    -7    13    10323    502    630    1    1
214    48.8825    2.2633    7    -19    12461    48.9741    2.49086    44    31    18246    508    572    2    3
215    48.9296    2.50451    26    34    15459    48.8701    2.35433    2    1    11706    616    657    2    1
216    48.8528    2.49086    -5    31    10651    48.8751    2.28606    4    -14    12001    509    554    2    1
217    48.6844    2.07216    -73    -61    19    48.8256    2.6547    -16    67    8982    522    648    3    3
218    49.0113    2.59098    59    53    20593    48.7785    2.459    -35    24    5994    557    637    3    2
219    48.8924    2.23145    11    -26    13074    48.8751    2.29061    4    -13    12002    523    547    2    1
220    48.8528    2.33612    -5    -3    10617    48.8652    2.31337    0    -8    11387    502    706    1    1
221    48.8677    2.30882    1    -9    11541    48.88    2.41804    6    15    12340    502    632    1    1
222    48.8107    2.43169    -22    18    8003    48.8677    2.32247    1    -6    11544    618    653    2    1
223    48.7018    2.05851    -66    -64    1101    48.9296    2.49541    26    32    15457    584    691    3    2
224    49.0484    2.013    74    -74    22791    48.8355    2.64559    -12    65    9600    516    655    3    3
225    48.8999    2.34978    14    0    13565    48.8726    2.19959    3    -33    11827    648    686    1    2
226    48.932    2.49541    27    32    15612    48.9345    2.04485    28    -67    15668    529    620    2    3
227    48.8503    2.33612    -6    -3    10462    48.9692    2.50451    42    34    17939    625    691    1    3
228    48.8553    2.34522    -4    -1    10774    48.8553    2.34522    -4    -1    10774    502    649    1    1
229    48.8701    2.28606    2    -14    11691    48.8454    2.34067    -8    -2    10153    502    562    1    1
230    48.8379    2.6547    -11    67    9757    48.9841    2.49996    48    33    18868    483    558    3    3
231    48.88    2.41804    6    15    12340    48.8999    2.34978    14    0    13565    502    606    1    1
232    48.88    2.35433    6    1    12326    48.8181    2.31792    -19    -7    8443    502    672    1    1
233    48.8677    2.36343    1    3    11553    48.8528    2.49086    -5    31    10651    602    636    1    2
234    48.8404    2.64104    -10    64    9909    48.833    2.33612    -13    -3    9377    578    653    3    1
235    48.8181    2.31792    -19    -7    8443    48.932    2.49541    27    32    15612    589    640    1    2
236    48.8677    2.36343    1    3    11553    48.8825    2.32247    7    -6    12474    502    594    1    1
237    48.8429    2.43625    -9    19    10019    49.0509    2.013    75    -74    22946    478    580    2    3
238    48.8479    2.49541    -7    32    10342    48.8454    2.46355    -8    25    10180    557    582    2    2
239    48.885    2.25875    8    -20    12615    48.8454    2.38618    -8    8    10163    617    653    2    1
240    48.8825    2.27241    7    -17    12463    48.8454    2.38618    -8    8    10163    659    693    2    1
241    48.8602    2.31337    -2    -8    11077    48.8479    2.39073    -7    9    10319    502    585    1    1
242    48.88    2.37253    6    5    12330    48.8379    2.31337    -11    -8    9682    502    697    1    1
243    48.8479    2.39529    -7    10    10320    48.833    2.65925    -13    68    9448    495    564    1    3
244    48.8825    2.27696    7    -16    12464    48.8429    2.50451    -9    34    10034    573    627    2    2
245    48.8899    2.236    10    -25    12920    48.8454    2.4408    -8    20    10175    530    582    2    2
246    48.724    2.25875    -57    -20    2540    48.8677    2.77758    1    94    11644    489    606    3    3
247    48.8701    2.32247    2    -6    11699    48.8479    2.39073    -7    9    10319    502    615    1    1
248    48.8454    2.43625    -8    19    10174    48.7092    2.2633    -63    -19    1611    648    712    2    3
249    48.8454    2.43169    -8    18    10173    48.8776    2.29061    5    -13    12157    675    712    2    1
250    48.8528    2.4408    -5    20    10640    48.8454    2.50451    -8    34    10189    519    548    2    2
251    48.8528    2.36798    -5    4    10624    48.8033    2.33612    -25    -3    7517    681    708    1    2
252    48.8132    2.32702    -21    -5    8135    48.885    2.25875    8    -20    12615    562    601    2    2
253    48.8528    2.33612    -5    -3    10617    48.8033    2.4408    -25    20    7540    560    594    1    2
254    48.8751    2.19959    4    -33    11982    48.8503    2.39529    -6    10    10475    496    540    2    1
255    48.8107    2.32247    -22    -6    7979    48.8825    2.27241    7    -17    12463    609    647    2    2
256    48.8776    2.28151    5    -15    12155    48.8181    2.32247    -19    -6    8444    502    621    1    1
257    49.0162    2.58643    61    52    20902    48.8701    2.31337    2    -8    11697    524    605    3    1
258    48.7018    2.0494    -66    -66    1099    48.8701    2.32247    2    -6    11699    553    638    3    1
259    48.885    2.32247    8    -6    12629    48.8776    2.28606    5    -14    12156    502    628    1    1
260    48.8404    2.51361    -10    36    9881    48.8553    2.48631    -4    30    10805    535    560    2    2
261    48.7835    2.45445    -33    23    6303    48.8528    2.34067    -5    -2    10618    662    700    2    1
262    48.8726    2.27696    3    -16    11844    48.8578    2.49541    -3    32    10962    507    554    1    2
263    48.8677    2.77302    1    93    11643    48.9766    2.53182    45    40    18410    613    691    3    3
264    48.8825    2.34522    7    -1    12479    48.9296    2.01755    26    -73    15352    498    577    1    3
265    48.8503    2.48631    -6    30    10495    48.781    2.46355    -34    25    6150    599    635    2    2
266    48.8479    2.39529    -7    10    10320    48.9296    2.50451    26    34    15459    552    591    1    2
267    48.8677    2.35888    1    2    11552    48.8899    2.236    10    -25    12920    656    690    1    2
268    48.9271    2.49996    25    33    15303    48.8429    2.50451    -9    34    10034    642    681    2    2
269    48.8454    2.49541    -8    32    10187    48.885    2.24055    8    -24    12611    607    665    2    2
270    48.88    2.33157    6    -4    12321    48.8825    2.32247    7    -6    12474    502    614    1    1
271    48.8528    2.37253    -5    5    10625    48.88    2.41804    6    15    12340    502    626    1    1
272    48.8355    2.64559    -12    65    9600    48.8627    2.31337    -1    -8    11232    531    610    3    1
273    48.9741    2.51361    44    36    18251    48.9345    2.0403    28    -68    15667    529    634    3    3
274    48.8677    2.36798    1    4    11554    48.8602    2.78668    -2    96    11181    544    635    1    3
275    49.046    2.00844    73    -75    22635    48.9766    2.52272    45    38    18408    594    706    3    3
276    48.8825    2.2633    7    -19    12461    48.8899    2.236    10    -25    12920    539    563    2    2
277    48.8899    2.24055    10    -24    12921    48.8082    2.33612    -23    -3    7827    611    654    2    2
278    48.885    2.27696    8    -16    12619    48.8107    2.43625    -22    19    8004    533    582    2    2
279    48.6993    2.06306    -67    -63    947    49.0162    2.55912    61    46    20896    538    674    3    3
280    48.8355    2.40439    -12    12    9547    48.8726    2.35888    3    2    11862    502    546    1    1
281    48.8578    2.35433    -3    1    10931    48.8627    2.34522    -1    -1    11239    502    607    1    1
282    48.8379    2.31337    -11    -8    9682    48.8454    2.34067    -8    -2    10153    502    606    1    1
283    48.8479    2.44535    -7    21    10331    48.9692    2.52727    42    39    17944    566    621    2    3
284    48.833    2.40894    -13    13    9393    48.8999    2.34522    14    -1    13564    502    633    1    1
285    48.8627    2.31792    -1    -7    11233    48.8726    2.32702    3    -5    11855    502    651    1    1
286    48.8627    2.31337    -1    -8    11232    48.8825    2.27696    7    -16    12464    663    685    1    2
287    48.8776    2.35888    5    2    12172    48.885    2.32702    8    -5    12630    502    687    1    1
288    48.8553    2.34522    -4    -1    10774    48.8454    2.37253    -8    5    10160    502    542    1    1
289    48.8701    2.27696    2    -16    11689    48.8924    2.236    11    -25    13075    520    543    1    2
290    48.9989    2.59098    54    53    19818    48.833    2.63194    -13    62    9442    632    704    3    3
291    48.8454    2.49086    -8    31    10186    48.932    2.49541    27    32    15612    616    655    2    2
292    48.8701    2.28606    2    -14    11691    48.8404    2.44535    -10    21    9866    605    644    1    2
293    48.8701    2.32702    2    -5    11700    48.8726    2.27696    3    -16    11844    502    664    1    1
294    48.885    2.34978    8    0    12635    48.7265    2.25875    -56    -20    2695    643    711    1    3
295    49.0534    2.00389    76    -76    23099    48.8776    2.27241    5    -17    12153    539    619    3    2
296    48.8825    2.32702    7    -5    12475    48.8355    2.27696    -12    -16    9519    544    572    1    2
297    48.8701    2.20414    2    -32    11673    48.8949    2.23145    12    -26    13229    613    640    2    2
298    48.8652    2.31337    0    -8    11387    48.8404    2.33612    -10    -3    9842    502    642    1    1
299    48.8503    2.6547    -6    67    10532    48.8355    2.33612    -12    -3    9532    516    593    3    1
300    48.9197    2.0312    22    -70    14735    48.8379    2.27696    -11    -16    9674    651    716    3    2
301    48.8454    2.49996    -8    33    10188    48.8479    2.39529    -7    10    10320    608    638    2    1
302    48.8454    2.34067    -8    -2    10153    48.8429    2.46355    -9    25    10025    632    665    1    2
303    48.88    2.36798    6    4    12329    48.8602    2.34978    -2    0    11085    502    565    1    1
304    48.8058    2.44535    -24    21    7696    48.8677    2.20869    1    -31    11519    508    565    2    2
305    48.88    2.35433    6    1    12326    48.9989    2.57278    54    49    19814    523    594    1    3
306    48.9296    2.50451    26    34    15459    48.8726    2.33157    3    -4    11856    577    620    2    1
307    48.8726    2.27241    3    -17    11843    48.8825    2.79123    7    97    12577    538    644    1    3
308    48.88    2.33157    6    -4    12321    48.8553    2.36798    -4    4    10779    502    590    1    1
309    48.8726    2.27241    3    -17    11843    48.8627    2.34522    -1    -1    11239    502    542    1    1
310    48.8825    2.32702    7    -5    12475    48.8677    2.19959    1    -33    11517    683    717    1    2
311    48.8776    2.2633    5    -19    12151    48.8999    2.34522    14    -1    13564    632    660    2    1
312    48.9618    2.51361    39    36    17476    48.724    2.2633    -57    -19    2541    492    591    3    3
313    48.8429    2.4408    -9    20    10020    48.8479    2.40894    -7    13    10323    557    577    2    1
314    48.8553    2.36798    -4    4    10779    48.8677    2.35433    1    1    11551    502    660    1    1
315    48.8082    2.44535    -23    21    7851    48.8379    2.51361    -11    36    9726    591    623    2    2
316    48.88    2.35433    6    1    12326    48.88    2.37253    6    5    12330    502    670    1    1
317    48.8825    2.27696    7    -16    12464    48.8082    2.33157    -23    -4    7826    592    630    2    2
318    48.885    2.34978    8    0    12635    48.9841    2.51361    48    36    18871    582    645    1    3
319    48.8404    2.50451    -10    34    9879    48.8355    2.65015    -12    66    9601    506    552    2    3
320    48.8404    2.65925    -10    68    9913    48.8553    2.34522    -4    -1    10774    623    699    3    1
321    48.7067    2.24965    -64    -22    1453    48.8776    2.37253    5    5    12175    565    637    3    1
322    48.8206    2.32247    -18    -6    8599    48.8528    2.37253    -5    5    10625    502    664    1    1
323    48.8181    2.32247    -19    -6    8444    48.8924    2.236    11    -25    13075    607    643    1    2
324    48.8503    2.6547    -6    67    10532    49.0435    2.00844    72    -75    22480    526    665    3    3
325    48.7339    2.27696    -53    -16    3164    49.0014    2.56368    55    47    19967    478    586    3    3
326    48.8379    2.50451    -11    34    9724    48.8776    2.20414    5    -32    12138    480    545    2    2
327    48.8652    2.78213    0    95    11490    48.8974    2.34522    13    -1    13409    468    562    3    1
328    48.8677    2.19959    1    -33    11517    48.8677    2.20414    1    -32    11518    676    697    2    2
329    48.8627    2.34067    -1    -2    11238    48.8454    2.34067    -8    -2    10153    502    712    1    1
330    48.6918    2.08581    -70    -58    487    48.9692    2.51361    42    36    17941    522    645    3    3
331    48.8949    2.24055    12    -24    13231    48.8107    2.4408    -22    20    8005    554    609    2    2
332    48.8652    2.33612    0    -3    11392    48.8677    2.30882    1    -9    11541    502    684    1    1
333    48.8454    2.4499    -8    22    10177    48.937    2.49086    29    31    15921    656    697    2    2
334    48.9296    2.49541    26    32    15457    48.8924    2.24055    11    -24    13076    518    576    2    2
335    48.9717    2.51361    43    36    18096    48.9271    2.49086    25    31    15301    511    546    3    2
336    48.8602    2.31792    -2    -7    11078    48.7835    2.4681    -33    26    6306    542    585    1    2
337    49.0484    2.01755    74    -73    22792    48.8776    2.35433    5    1    12171    538    630    3    1
338    48.88    2.41804    6    15    12340    48.8355    2.40894    -12    13    9548    502    690    1    1
339    48.9741    2.51361    44    36    18251    49.0138    2.55002    60    44    20739    516    561    3    3
340    48.8528    2.37253    -5    5    10625    48.8726    2.19959    3    -33    11827    551    592    1    2
341    48.8677    2.35433    1    1    11551    48.8652    2.36343    0    3    11398    502    596    1    1
342    48.8726    2.19504    3    -34    11826    48.8058    2.33157    -24    -4    7671    577    622    2    2
343    48.8429    2.50906    -9    35    10035    48.9345    2.50451    28    34    15769    640    680    2    2
344    48.8701    2.36343    2    3    11708    48.8479    2.39529    -7    10    10320    502    690    1    1
345    48.8082    2.43625    -23    19    7849    48.8479    2.44535    -7    21    10331    547    576    2    2
346    48.8602    2.34522    -2    -1    11084    48.8528    2.48631    -5    30    10650    526    562    1    2
347    48.9345    2.0494    28    -66    15669    48.8528    2.36798    -5    4    10624    494    574    3    1
348    48.8479    2.34067    -7    -2    10308    48.8181    2.32247    -19    -6    8444    502    715    1    1
349    48.9741    2.52272    44    38    18253    48.8355    2.40439    -12    12    9547    552    617    3    1
350    48.8379    2.31792    -11    -7    9683    48.8553    2.49541    -4    32    10807    549    590    1    2
351    48.776    2.45445    -36    23    5838    48.932    2.49086    27    31    15611    522    577    2    2
352    48.8652    2.75937    0    90    11485    49.0162    2.55457    61    45    20895    617    697    3    3
353    48.8528    2.34522    -5    -1    10619    48.8503    2.39073    -6    9    10474    502    560    1    1
354    48.8701    2.19049    2    -35    11670    49.0509    2.0221    75    -72    22948    530    602    2    3
355    48.8454    2.41349    -8    14    10169    48.88    2.35888    6    2    12327    502    689    1    1
356    48.8825    2.34978    7    0    12480    48.88    2.2542    6    -21    12304    561    590    1    2
357    48.8379    2.50451    -11    34    9724    49.0509    1.99024    75    -79    22941    436    550    2    3
358    48.833    2.65015    -13    66    9446    48.7092    2.05396    -63    -65    1565    482    609    3    3
359    48.8404    2.4408    -10    20    9865    48.7785    2.459    -35    24    5994    621    655    2    2
360    48.8726    2.33157    3    -4    11856    48.8899    2.2451    10    -23    12922    663    691    1    2
361    48.9246    2.0221    24    -72    15043    48.8231    2.65015    -17    66    8826    500    630    3    3
362    48.8379    2.31792    -11    -7    9683    48.8206    2.32247    -18    -6    8599    502    634    1    1
363    48.8924    2.236    11    -25    13075    48.8058    2.33157    -24    -4    7671    523    567    2    2
364    48.8578    2.35433    -3    1    10931    48.8082    2.32702    -23    -5    7825    517    544    1    2
365    49.0014    2.57733    55    50    19970    48.833    2.33612    -13    -3    9377    600    681    3    1
366    48.8404    2.50451    -10    34    9879    48.8825    2.34978    7    0    12480    594    634    2    1
367    48.8726    2.34978    3    0    11860    48.885    2.32702    8    -5    12630    502    595    1    1
368    48.8627    2.31337    -1    -8    11232    48.8726    2.33157    3    -4    11856    502    555    1    1
369    48.8677    2.30882    1    -9    11541    48.729    2.2542    -55    -21    2849    633    695    1    3
370    48.781    2.459    -34    24    6149    48.8429    2.46355    -9    25    10025    648    682    2    2
371    48.8404    2.31792    -10    -7    9838    48.7018    2.05396    -66    -65    1100    538    617    1    3
372    48.8701    2.34978    2    0    11705    48.8627    2.34978    -1    0    11240    502    700    1    1
373    48.7018    2.07216    -66    -61    1104    48.9766    2.53182    45    40    18410    590    716    3    3
374    48.8454    2.37253    -8    5    10160    48.8701    2.28151    2    -15    11690    502    717    1    1
375    48.8726    2.32702    3    -5    11855    48.9791    2.50906    46    35    18560    617    683    1    3
376    48.8528    2.49996    -5    33    10653    48.8454    2.44535    -8    21    10176    589    617    2    2
377    48.776    2.4499    -36    22    5837    48.8454    2.43625    -8    19    10174    644    680    2    2
378    48.8454    2.51361    -8    36    10191    48.9667    2.52727    41    39    17789    631    683    2    3
379    48.8652    2.31792    0    -7    11388    48.8429    2.33612    -9    -3    9997    502    703    1    1
380    48.885    2.24965    8    -22    12613    48.8479    2.49541    -7    32    10342    545    602    2    2
381    48.8875    2.2542    9    -21    12769    48.885    2.25875    8    -20    12615    559    580    2    2
382    48.8454    2.65925    -8    68    10223    48.8404    2.6547    -10    67    9912    570    606    3    3
383    48.8677    2.31792    1    -7    11543    48.8726    2.27696    3    -16    11844    502    574    1    1
384    48.8677    2.36343    1    3    11553    48.8503    2.38618    -6    8    10473    502    621    1    1
385    48.8701    2.28151    2    -15    11690    48.8058    2.32702    -24    -5    7670    593    624    1    2
386    48.7166    2.26786    -60    -18    2077    48.8701    2.78213    2    95    11800    504    622    3    3
387    48.8454    2.46355    -8    25    10180    48.8058    2.33157    -24    -4    7671    590    631    2    2
388    48.8875    2.2451    9    -23    12767    48.8652    2.19959    0    -33    11362    577    605    2    2
389    48.8825    2.32247    7    -6    12474    48.8454    2.4408    -8    20    10175    636    670    1    2
390    48.8206    2.31792    -18    -7    8598    48.8677    2.36798    1    4    11554    502    652    1    1
391    48.8231    2.65015    -17    66    8826    48.8503    2.6729    -6    71    10536    530    572    3    3
392    48.8355    2.33157    -12    -4    9531    48.8355    2.33157    -12    -4    9531    502    621    1    1
393    48.8454    2.37708    -8    6    10161    48.8578    2.34978    -3    0    10930    502    574    1    1
394    48.8578    2.35433    -3    1    10931    48.8776    2.35433    5    1    12171    502    580    1    1
395    48.8379    2.49996    -11    33    9723    48.9841    2.52727    48    39    18874    593    651    2    3
396    48.8479    2.44535    -7    21    10331    48.8701    2.19959    2    -33    11672    650    706    2    2
397    48.8726    2.77758    3    94    11954    48.8602    2.78213    -2    95    11180    616    654    3    3
398    48.885    2.26786    8    -18    12617    48.932    2.04485    27    -67    15513    604    663    2    3
399    49.0484    2.01755    74    -73    22792    48.8429    2.6547    -9    67    10067    500    639    3    3
400    48.88    2.31792    6    -7    12318    48.8677    2.78213    1    95    11645    481    579    1    3
401    48.8503    2.39073    -6    9    10474    48.8454    2.38618    -8    8    10163    502    562    1    1
402    49.0608    2.00389    79    -76    23564    48.8429    2.34067    -9    -2    9998    480    579    3    1
403    48.8652    2.35888    0    2    11397    48.8726    2.37708    3    6    11866    502    594    1    1
404    48.8776    2.28606    5    -14    12156    48.9642    2.50451    40    34    17629    554    621    1    3
405    49.0039    2.56823    56    48    20123    49.0336    1.99934    68    -77    21858    535    653    3    3
406    48.885    2.27241    8    -17    12618    48.8776    2.28606    5    -14    12156    649    667    2    1
407    48.9395    2.0494    30    -66    15979    48.729    2.236    -55    -25    2845    465    554    3    3
408    48.8701    2.35433    2    1    11706    48.7389    2.2542    -51    -21    3469    648    711    1    3
409    48.8701    2.19959    2    -33    11672    48.88    2.32702    6    -5    12320    540    574    2    1
410    48.8602    2.34978    -2    0    11085    48.8058    2.43169    -24    18    7693    612    644    1    2
411    48.7389    2.2542    -51    -21    3469    48.9345    2.0494    28    -66    15669    483    571    3    3
412    48.8701    2.28606    2    -14    11691    48.8355    2.28151    -12    -15    9520    552    575    1    2
413    48.8082    2.43625    -23    19    7849    48.7785    2.45445    -35    23    5993    688    715    2    2
414    48.8404    2.50906    -10    35    9880    48.8082    2.33157    -23    -4    7826    525    572    2    2
415    48.989    2.56368    50    47    19192    48.8404    2.46355    -10    25    9870    525    586    3    2
416    48.8206    2.32247    -18    -6    8599    48.8553    2.35433    -4    1    10776    502    542    1    1
417    48.8553    2.49996    -4    33    10808    48.8701    2.78668    2    96    11801    558    625    2    3
418    49.046    2.01755    73    -73    22637    48.7265    2.26786    -56    -18    2697    477    592    3    3
419    48.8429    2.27696    -9    -16    9984    48.8454    2.4408    -8    20    10175    514    558    2    2
420    48.8825    2.79123    7    97    12577    48.7018    2.07671    -66    -60    1105    521    668    3    3
421    48.8652    2.32247    0    -6    11389    48.8875    2.24055    9    -24    12766    664    692    1    2
422    48.8726    2.29061    3    -13    11847    48.8677    2.35888    1    2    11552    502    606    1    1
423    48.776    2.459    -36    24    5839    48.8875    2.25875    9    -20    12770    503    561    2    2
424    48.8652    2.20414    0    -32    11363    48.8082    2.43625    -23    19    7849    554    610    2    2
425    48.8652    2.33612    0    -3    11392    48.8355    2.40439    -12    12    9547    502    558    1    1
426    48.9023    2.34522    15    -1    13719    48.8701    2.32247    2    -6    11699    502    684    1    1
427    48.8379    2.4681    -11    26    9716    48.8355    2.27696    -12    -16    9519    613    661    2    2
428    48.8379    2.31337    -11    -8    9682    48.8825    2.27241    7    -17    12463    577    604    1    2
429    48.8528    2.36798    -5    4    10624    48.885    2.34522    8    -1    12634    502    563    1    1
430    48.8379    2.50906    -11    35    9725    48.8776    2.36798    5    4    12174    507    544    2    1
431    48.8924    2.24055    11    -24    13076    48.8479    2.43625    -7    19    10329    600    650    2    2
432    48.8305    2.28606    -14    -14    9211    48.8454    2.43625    -8    19    10174    510    552    2    2
433    48.885    2.25875    8    -20    12615    49.0484    2.01755    74    -73    22792    557    633    2    3
434    48.7166    2.24965    -60    -22    2073    48.8479    2.40894    -7    13    10323    485    552    3    1
435    48.8875    2.2542    9    -21    12769    48.8479    2.49086    -7    31    10341    662    718    2    2
436    48.8875    2.236    9    -25    12765    48.885    2.27241    8    -17    12618    590    615    2    2
437    48.8404    2.43625    -10    19    9864    48.776    2.459    -36    24    5839    614    649    2    2
438    48.8082    2.33157    -23    -4    7826    48.8454    2.4408    -8    20    10175    588    626    2    2
439    48.9692    2.53637    42    41    17946    48.8627    2.79578    -1    98    11338    534    614    3    3
440    48.8082    2.32247    -23    -6    7824    48.8528    2.47721    -5    28    10648    661    706    2    2
441    48.8578    2.35433    -3    1    10931    48.8379    2.28151    -11    -15    9675    658    685    1    2
442    48.8082    2.43625    -23    19    7849    48.8355    2.27696    -12    -16    9519    561    605    2    2
443    48.8825    2.27241    7    -17    12463    48.8479    2.33612    -7    -3    10307    528    555    2    1
444    48.8776    2.28606    5    -14    12156    48.8627    2.80033    -1    99    11339    450    555    1    3
445    48.8429    2.4499    -9    22    10022    48.8479    2.41349    -7    14    10324    683    703    2    1
446    48.88    2.35888    6    2    12327    48.8404    2.49996    -10    33    9878    618    655    1    2
447    48.8677    2.30882    1    -9    11541    48.8726    2.34522    3    -1    11859    502    688    1    1
448    48.833    2.40894    -13    13    9393    48.9271    2.49996    25    33    15303    501    541    1    2
449    48.9246    2.49996    24    33    15148    48.8404    2.459    -10    24    9869    565    605    2    2
450    48.8181    2.32247    -19    -6    8444    48.8454    2.49996    -8    33    10188    556    598    1    2
451    48.885    2.27241    8    -17    12618    48.8825    2.41349    7    14    12494    530    566    2    1
452    48.8751    2.35888    4    2    12017    48.8454    2.47265    -8    27    10182    639    672    1    2
453    48.8181    2.32247    -19    -6    8444    48.8379    2.31792    -11    -7    9683    502    681    1    1
454    48.8776    2.80033    5    99    12269    49.0039    2.57278    56    49    20124    525    604    3    3
455    48.8677    2.31337    1    -8    11542    48.8701    2.27241    2    -17    11688    502    540    1    1
456    48.8726    2.38163    3    7    11867    48.8776    2.36798    5    4    12174    502    640    1    1
457    48.8181    2.31792    -19    -7    8443    48.8379    2.49996    -11    33    9723    509    551    1    2
458    48.8652    2.36798    0    4    11399    48.8528    2.34067    -5    -2    10618    502    717    1    1
459    48.8404    2.49996    -10    33    9878    48.9296    2.49086    26    31    15456    620    660    2    2
460    48.7785    2.46355    -35    25    5995    48.9766    2.49086    45    31    18401    531    600    2    3
461    48.88    2.33612    6    -3    12322    48.8553    2.34522    -4    -1    10774    502    593    1    1
462    48.8949    2.23145    12    -26    13229    48.8825    2.32702    7    -5    12475    679    708    2    1
463    48.8429    2.4408    -9    20    10020    48.8627    2.31337    -1    -8    11232    528    562    2    1
464    48.9296    2.50451    26    34    15459    48.885    2.27241    8    -17    12618    624    679    2    2
465    48.8454    2.38618    -8    8    10163    48.8479    2.38618    -7    8    10318    502    702    1    1
466    48.8825    2.27241    7    -17    12463    48.8726    2.19504    3    -34    11826    526    558    2    2
467    48.8726    2.35433    3    1    11861    48.8479    2.65015    -7    66    10376    519    593    1    3
468    48.8479    2.39073    -7    9    10319    48.8751    2.35888    4    2    12017    502    632    1    1
469    48.8751    2.29516    4    -12    12003    48.9023    2.34522    15    -1    13719    502    560    1    1
470    48.7835    2.459    -33    24    6304    48.8726    2.34978    3    0    11860    557    597    2    1
471    48.8701    2.78213    2    95    11800    48.8627    2.76392    -1    91    11331    558    596    3    3
472    48.8701    2.35888    2    2    11707    48.8701    2.30882    2    -9    11696    502    632    1    1
473    48.8751    2.20414    4    -32    11983    48.8404    2.44535    -10    21    9866    577    633    2    2
474    48.8479    2.50451    -7    34    10344    48.8751    2.20869    4    -31    11984    507    571    2    2
475    48.9717    2.49996    43    33    18093    48.8825    2.35433    7    1    12481    504    563    3    1
476    48.8677    2.31337    1    -8    11542    48.7191    2.06306    -59    -63    2187    585    664    1    3
477    48.8726    2.27696    3    -16    11844    48.8701    2.35433    2    1    11706    502    658    1    1
478    48.9964    2.55457    53    45    19655    48.6943    2.05851    -69    -64    636    578    712    3    3
479    48.8404    2.31337    -10    -8    9837    48.8726    2.29516    3    -12    11848    502    561    1    1
480    48.8528    2.49086    -5    31    10651    48.932    2.49996    27    33    15613    635    673    2    2
481    48.8107    2.33157    -22    -4    7981    48.8825    2.32702    7    -5    12475    653    684    2    1
482    48.729    2.24055    -55    -24    2846    48.9964    2.55002    53    44    19654    467    577    3    3
483    48.885    2.26786    8    -18    12617    48.8379    2.46355    -11    25    9715    508    558    2    2
484    48.7042    2.07216    -65    -61    1259    48.88    2.31792    6    -7    12318    564    647    3    1
485    49.0039    2.56823    56    48    20123    48.8751    2.29971    4    -11    12004    592    671    3    1
486    48.7339    2.236    -53    -25    3155    48.8776    2.79123    5    97    12267    572    694    3    3
487    48.8454    2.41349    -8    14    10169    48.932    2.49086    27    31    15611    680    717    1    2
488    48.8701    2.27241    2    -17    11688    48.8899    2.24055    10    -24    12921    633    654    1    2
489    48.7785    2.459    -35    24    5994    48.8899    2.25875    10    -20    12925    483    541    2    2
490    48.8479    2.4408    -7    20    10330    48.8454    2.40894    -8    13    10168    638    658    2    1
491    48.8751    2.75482    4    89    12104    48.9345    2.0403    28    -68    15667    571    711    3    3
492    48.8652    2.36343    0    3    11398    48.7092    2.05396    -63    -65    1565    513    600    1    3
493    48.8355    2.51361    -12    36    9571    48.724    2.27241    -57    -17    2543    619    687    2    3
494    48.8429    2.46355    -9    25    10025    48.7389    2.27696    -51    -16    3474    578    639    2    3
495    48.833    2.27696    -13    -16    9364    48.8825    2.2633    7    -19    12461    641    672    2    2
496    48.8379    2.28606    -11    -14    9676    48.8058    2.43169    -24    18    7693    660    702    2    2
497    48.8479    2.37253    -7    5    10315    49.0361    2.013    69    -74    22016    474    571    1    3
498    48.8751    2.29061    4    -13    12002    48.8553    2.34067    -4    -2    10773    502    563    1    1
499    48.781    2.459    -34    24    6149    48.8454    2.46355    -8    25    10180    671    705    2    2
