0    48.8627    2.76392    -1    91    11331    49.0385    2.00389    70    -76    22169    565    718    3    3
1    48.8602    2.34978    -2    0    11085    48.8924    2.23145    11    -26    13074    520    554    1    2
2    48.885    2.2542    8    -21    12614    48.8652    2.32247    0    -6    11389    652    678    2    1
3    48.88    2.35433    6    1    12326    48.8454    2.47265    -8    27    10182    640    674    1    2
4    48.8825    2.27241    7    -17    12463    48.88    2.36798    6    4    12329    566    595    2    1
5    48.8701    2.19959    2    -33    11672    48.8033    2.43625    -25    19    7539    653    711    2    2
6    48.8528    2.36798    -5    4    10624    48.8602    2.34978    -2    0    11085    502    702    1    1
7    48.8726    2.27241    3    -17    11843    48.8355    2.40439    -12    12    9547    502    674    1    1
8    48.88    2.34067    6    -2    12323    48.8454    2.34067    -8    -2    10153    502    550    1    1
9    48.9692    2.51816    42    37    17942    48.8553    2.76847    -4    92    10867    537    617    3    3
10    48.8379    2.50451    -11    34    9724    48.9345    2.49086    28    31    15766    549    591    2    2
11    48.8379    2.34067    -11    -2    9688    48.8627    2.31337    -1    -8    11232    502    623    1    1
12    48.8107    2.33612    -22    -3    7982    48.8355    2.27241    -12    -17    9518    644    675    2    2
13    48.8602    2.34978    -2    0    11085    48.8479    2.38163    -7    7    10317    502    638    1    1
14    48.776    2.459    -36    24    5839    48.8429    2.49996    -9    33    10033    596    632    2    2
15    48.8825    2.2542    7    -21    12459    48.7216    2.26786    -58    -18    2387    653    714    2    3
16    48.8107    2.4408    -22    20    8005    48.8899    2.236    10    -25    12920    514    569    2    2
17    48.8726    2.20414    3    -32    11828    48.776    2.45445    -36    23    5838    647    709    2    2
18    48.781    2.459    -34    24    6149    48.8949    2.2451    12    -23    13232    507    567    2    2
19    48.8726    2.19504    3    -34    11826    48.8701    2.19959    2    -33    11672    629    650    2    2
20    48.8924    2.236    11    -25    13075    48.8454    2.45445    -8    23    10178    511    565    2    2
21    48.8677    2.36343    1    3    11553    48.8479    2.39529    -7    10    10320    502    645    1    1
22    48.8528    2.36798    -5    4    10624    48.88    2.37253    6    5    12330    502    581    1    1
23    48.8825    2.32247    7    -6    12474    48.8751    2.29516    4    -12    12003    502    564    1    1
24    48.8379    2.31792    -11    -7    9683    48.8701    2.34978    2    0    11705    502    682    1    1
25    48.8776    2.29061    5    -13    12157    48.724    2.2633    -57    -19    2541    619    683    1    3
26    48.885    2.32702    8    -5    12630    48.8602    2.31337    -2    -8    11077    502    653    1    1
27    48.9271    2.49086    25    31    15301    48.7835    2.459    -33    24    6304    656    708    2    2
28    48.724    2.2633    -57    -19    2541    48.8107    2.42714    -22    17    8002    663    719    3    2
29    48.781    2.46355    -34    25    6150    48.8454    2.44535    -8    21    10176    665    700    2    2
30    48.8726    2.29971    3    -11    11849    48.88    2.33612    6    -3    12322    502    607    1    1
31    48.9989    2.58188    54    51    19816    48.7191    2.2451    -59    -23    2227    485    599    3    3
32    48.8404    2.51361    -10    36    9881    48.8726    2.27696    3    -16    11844    626    676    2    1
33    49.0039    2.56823    56    48    20123    48.776    2.4681    -36    26    5841    631    709    3    2
34    48.88    2.27696    6    -16    12309    48.8825    2.26786    7    -18    12462    651    672    2    2
35    48.7067    2.05851    -64    -64    1411    48.8825    2.32702    7    -5    12475    607    692    3    1
36    49.0039    2.57278    56    49    20124    48.8899    2.236    10    -25    12920    626    706    3    2
37    48.8751    2.29516    4    -12    12003    48.88    2.41804    6    15    12340    502    634    1    1
38    48.8677    2.77758    1    94    11644    48.8479    2.65925    -7    68    10378    621    674    3    3
39    48.8677    2.30882    1    -9    11541    48.8479    2.38618    -7    8    10318    502    631    1    1
40    48.8379    2.32247    -11    -6    9684    48.8454    2.48631    -8    30    10185    637    676    1    2
41    49.0187    2.58188    62    51    21056    48.8379    2.31792    -11    -7    9683    475    561    3    1
42    48.88    2.41804    6    15    12340    48.8751    2.35888    4    2    12017    502    710    1    1
43    48.8899    2.24055    10    -24    12921    48.8082    2.43169    -23    18    7848    585    638    2    2
44    48.7265    2.28151    -56    -15    2700    48.8479    2.65015    -7    66    10376    562    657    3    3
45    48.8454    2.40894    -8    13    10168    48.8479    2.38618    -7    8    10318    502    714    1    1
46    48.8701    2.34978    2    0    11705    48.8429    2.4408    -9    20    10020    539    569    1    2
47    49.0484    2.013    74    -74    22791    48.7389    2.2633    -51    -19    3471    458    571    3    3
48    48.8726    2.37708    3    6    11866    48.8429    2.459    -9    24    10024    594    623    1    2
49    48.8454    2.34067    -8    -2    10153    48.8355    2.33157    -12    -4    9531    502    701    1    1
50    48.8701    2.19959    2    -33    11672    48.8677    2.20869    1    -31    11519    661    682    2    2
51    48.8553    2.49541    -4    32    10807    48.8479    2.45445    -7    23    10333    612    638    2    2
52    48.8355    2.33157    -12    -4    9531    48.8701    2.34978    2    0    11705    502    695    1    1
53    48.8726    2.27696    3    -16    11844    48.8355    2.33157    -12    -4    9531    502    718    1    1
54    48.8429    2.46355    -9    25    10025    48.8429    2.46355    -9    25    10025    524    544    2    2
55    48.8058    2.33157    -24    -4    7671    48.8776    2.35888    5    2    12172    551    582    2    1
56    48.88    2.79578    6    98    12423    48.9667    2.49996    41    33    17783    631    713    3    3
57    48.8602    2.35433    -2    1    11086    48.8924    2.236    11    -25    13075    578    612    1    2
58    49.0063    2.58643    57    52    20282    48.8776    2.28606    5    -14    12156    472    554    3    1
59    48.8825    2.24965    7    -22    12458    48.8454    2.43625    -8    19    10174    565    614    2    2
60    48.8726    2.38163    3    7    11867    48.8701    2.78668    2    96    11801    550    639    1    3
61    48.8454    2.4681    -8    26    10181    48.8974    2.34522    13    -1    13409    523    559    2    1
62    48.8107    2.43625    -22    19    8004    48.8875    2.27241    9    -17    12773    522    571    2    2
63    48.8503    2.34067    -6    -2    10463    48.8726    2.29516    3    -12    11848    502    615    1    1
64    48.8503    2.41349    -6    14    10479    48.8107    2.43625    -22    19    8004    525    549    1    2
65    48.8479    2.40894    -7    13    10323    48.8503    2.44535    -6    21    10486    544    564    1    2
66    48.6918    2.06761    -70    -62    483    48.8082    2.32247    -23    -6    7824    616    686    3    2
67    48.8379    2.43625    -11    19    9709    48.8677    2.36798    1    4    11554    546    573    2    1
68    48.8701    2.35888    2    2    11707    48.8479    2.39984    -7    11    10321    502    619    1    1
69    48.8726    2.28606    3    -14    11846    48.8875    2.236    9    -25    12765    617    640    1    2
70    48.8825    2.33612    7    -3    12477    49.0583    2.01755    78    -73    23412    536    627    1    3
71    48.8553    2.36798    -4    4    10779    48.8503    2.48631    -6    30    10495    551    583    1    2
72    48.9296    2.49541    26    32    15457    48.8726    2.34978    3    0    11860    512    552    2    1
73    48.833    2.50906    -13    35    9415    48.8082    2.43625    -23    19    7849    635    667    2    2
74    48.8355    2.40894    -12    13    9548    48.88    2.31792    6    -7    12318    502    574    1    1
75    48.7364    2.2451    -52    -23    3312    49.0484    2.013    74    -74    22791    502    614    3    3
76    48.8454    2.38618    -8    8    10163    48.8503    2.33612    -6    -3    10462    502    542    1    1
77    48.8701    2.34978    2    0    11705    48.776    2.46355    -36    25    5840    656    698    1    2
78    48.9345    2.0403    28    -68    15667    49.0162    2.57278    61    49    20899    463    578    3    3
79    48.88    2.41804    6    15    12340    48.781    2.46355    -34    25    6150    675    713    1    2
80    48.8677    2.20869    1    -31    11519    48.932    2.0312    27    -70    15510    647    702    2    3
81    48.8875    2.23145    9    -26    12764    48.8602    2.35433    -2    1    11086    658    692    2    1
82    48.8899    2.23145    10    -26    12919    48.8429    2.51361    -9    36    10036    526    589    2    2
83    48.8082    2.44535    -23    21    7851    48.8825    2.27696    7    -16    12464    536    586    2    2
84    48.8924    2.236    11    -25    13075    48.8355    2.33157    -12    -4    9531    583    617    2    1
85    48.8701    2.30882    2    -9    11696    48.8627    2.34067    -1    -2    11238    502    618    1    1
86    48.8652    2.31792    0    -7    11388    48.8528    2.37253    -5    5    10625    502    686    1    1
87    48.8503    2.6638    -6    69    10534    49.0484    2.01755    74    -73    22792    526    665    3    3
88    48.8701    2.20414    2    -32    11673    48.8875    2.25875    9    -20    12770    642    671    2    2
89    48.8429    2.44535    -9    21    10021    48.7859    2.459    -32    24    6459    660    693    2    2
90    48.8726    2.30882    3    -9    11851    49.0039    2.59098    56    53    20128    461    542    1    3
91    48.8355    2.40894    -12    13    9548    48.8677    2.79123    1    97    11647    602    688    1    3
92    49.0385    2.00389    70    -76    22169    48.8479    2.50906    -7    35    10345    552    662    3    2
93    48.8479    2.65015    -7    66    10376    48.88    2.33612    6    -3    12322    581    658    3    1
94    48.7859    2.46355    -32    25    6460    48.833    2.33157    -13    -4    9376    510    547    2    1
95    48.8429    2.459    -9    24    10024    48.88    2.32247    6    -6    12319    587    624    2    1
96    48.8627    2.31337    -1    -8    11232    48.8701    2.35433    2    1    11706    502    650    1    1
97    48.8528    2.37253    -5    5    10625    48.8627    2.33612    -1    -3    11237    502    665    1    1
98    48.8701    2.33157    2    -4    11701    48.8454    2.34522    -8    -1    10154    502    565    1    1
99    48.8726    2.78213    3    95    11955    48.7364    2.2633    -52    -19    3316    476    593    3    3