0    48.8839    2.34936    7.5684    -0.0921493    8    0    11318
1    49.0488    2.01226    74.162    -74.162    74    -74    20880
2    48.9332    2.04108    27.4499    -67.8283    27    -68    14024
3    48.892    2.23698    10.8296    -24.7836    11    -25    11731
4    48.874    2.29656    3.56314    -11.6934    4    -12    10722
5    48.872    2.3299    2.76363    -4.36764    3    -4    10584
6    48.8615    2.34684    -1.50351    -0.643998    -2    -1    9857
7    48.8457    2.37371    -7.85339    5.25875    -8    5    8987
8    48.8483    2.39459    -6.8151    9.84625    -7    10    9138
9    48.844    2.46469    -8.56201    25.251    -9    25    8861
10    48.8523    2.4893    -5.213    30.6569    -5    31    9451
11    48.8396    2.65458    -10.3351    66.9747    -10    67    8757
12    48.8702    2.78249    2.01033    95.0803    2    95    10537
13    48.974    2.51388    43.9254    36.0587    44    36    16610
14    48.9317    2.49481    26.8645    31.868    27    32    14124
15    48.8794    2.35637    5.73214    1.44956    6    1    11027
16    48.8537    2.34424    -4.64764    -1.21591    -5    -1    9419
17    48.846    2.34028    -7.73169    -2.08685    -8    -2    8980
18    48.8399    2.33687    -10.218    -2.83484    -10    -3    8687
19    48.8348    2.33303    -12.273    -3.67843    -12    -4    8394
20    48.8078    2.33302    -23.1581    -3.68094    -23    -4    6788
21    48.7248    2.26002    -56.7052    -19.7216    -57    -20    1808
22    48.7029    2.0706    -65.5491    -61.3426    -66    -61    453
23    48.892    2.23698    10.8296    -24.7836    11    -25    11731
24    48.8856    2.25892    8.2231    -19.9629    8    -20    11298
25    48.8771    2.28414    4.80631    -14.4213    5    -14    10866
26    48.8759    2.28883    4.31027    -13.3912    4    -13    10721
27    48.8838    2.2721    7.52218    -17.0668    8    -17    11301
28    48.8694    2.30989    1.71456    -8.76498    2    -9    10433
29    48.8678    2.31321    1.07218    -8.03438    1    -8    10288
30    48.8661    2.31931    0.38204    -6.69322    0    -7    10143
31    48.8626    2.33603    -1.05369    -3.02044    -1    -3    10001
32    48.8574    2.35207    -3.16261    0.505066    -3    1    9713
33    48.8537    2.36916    -4.62299    4.26045    -5    4    9424
34    48.8468    2.38715    -7.44208    8.21219    -7    8    9136
35    48.8472    2.41034    -7.26646    13.308    -7    13    9141
36    48.8443    2.44055    -8.42491    19.9463    -8    20    9002
37    48.8718    2.27487    2.66658    -16.4588    3    -16    10572
38    48.8699    2.28523    1.88863    -14.1832    2    -14    10428
39    48.8821    2.3204    6.81818    -6.45491    7    -6    11166
40    48.8835    2.32737    7.37738    -4.92195    7    -5    11167
41    48.8807    2.33491    6.27747    -3.26609    6    -3    11023
42    48.8703    2.19982    2.06733    -32.9497    2    -33    10409
43    48.8782    2.37017    5.24843    4.48237    5    4    10884
44    48.8721    2.37739    2.8006    6.06813    3    6    10594
45    48.8995    2.34571    13.8659    -0.894042    14    -1    12193
46    48.8997    2.35146    13.9275    0.369907    14    0    12194
47    48.8758    2.35817    4.27638    1.84445    4    2    10736
48    48.8692    2.35453    1.63137    1.04455    2    1    10443
49    48.8522    2.33878    -5.24535    -2.41595    -5    -2    9418
50    48.8387    2.31672    -10.7017    -7.26256    -11    -7    8537
51    48.8185    2.32028    -18.8678    -6.48026    -19    -6    7370
52    48.8365    2.27825    -11.6029    -15.7165    -12    -16    8382
53    48.8629    2.31423    -0.905805    -7.80943    -1    -8    9996
54    48.8696    2.32416    1.7731    -5.62782    2    -6    10436
55    48.8705    2.34886    2.14281    -0.200591    2    0    10442
56    48.8673    2.36404    0.834942    3.13381    1    3    10299
57    48.8355    2.40619    -11.9896    12.3949    -12    12    8410
58    48.8082    2.43628    -23.004    19.0067    -23    19    6811
59    48.7798    2.45931    -34.4991    24.0689    -34    24    5210
60    48.8405    2.5067    -9.98696    34.4818    -10    34    8724
61    48.8798    2.41687    5.90005    14.7432    6    15    11041
62    49.0042    2.57095    56.1368    48.5976    56    49    18375